000156415641564156416251625162500
000123212341232123415451145145600
000134613461346134513451415141500
000165416541654325614362323634100
000635663526341634126413641324600
000652365236523623462341425142500
000251425146315634141564313415200
000515123235151645164514361436200
000146514651465141464152415246500
000163416345454163411441144114400
000551255121245124561432635214600
000662366231562362341521643164300
000134325461245124561546154232100
000625462541364251362562145454600
000114411441415623623514361436500
000134513451632456432561236453400
000234652435164235426341643254600
000652341423456123456346123456200
000645356542135164264562145213500
000614563213465345615263456236500